Nr,TID,PID,x [nm],y [nm],t [sec],I [val],Len [nm],D2S [nm],D2R [nm],D2P [nm],v [nm/sec],α [deg],Δα [deg]
1,1,1,78594.54,53736.24,0,340,0,0,NA,NA,NA,NA,NA
2,1,2,78594.54,53736.24,6,341,0,0,NA,0,0,0,NA
3,1,3,78594.54,53736.24,12,310,0,0,NA,0,0,0,0
4,1,4,78594.54,53736.24,18,312,0,0,NA,0,0,0,0
5,1,5,78594.54,53842.02,24,293,105.78,105.78,NA,105.78,17.63,90,90
6,1,6,78594.54,53842.02,30,239,105.78,105.78,NA,0,0,0,-90
7,1,7,78594.54,53736.24,36,238,211.56,0,NA,105.78,17.63,-90,-90
8,1,8,78594.54,53947.8,42,231,423.12,211.56,NA,211.56,35.26,90,180
9,1,9,78594.54,53947.8,48,209,423.12,211.56,NA,0,0,0,-90
10,1,10,78594.54,53947.8,54,216,423.12,211.56,NA,0,0,0,0
11,1,11,78594.54,53736.24,59,218,634.68,0,NA,211.56,42.312,-90,-90
12,2,1,88749.42,58602.12,0,348,0,0,NA,NA,NA,NA,NA
13,2,2,88537.86,58602.12,6,271,211.56,211.56,NA,211.56,35.26,180,NA
14,2,3,88537.86,58602.12,12,245,211.56,211.56,NA,0,0,0,-180
15,2,4,88537.86,58602.12,18,241,211.56,211.56,NA,0,0,0,0
16,2,5,88537.86,58390.56,24,217,423.12,299.191,NA,211.56,35.26,-90,-90
17,3,1,70766.82,38609.7,0,437,0,0,NA,NA,NA,NA,NA
18,3,2,70766.82,38715.48,6,425,105.78,105.78,NA,105.78,17.63,90,NA
19,3,3,70766.82,38715.48,12,388,105.78,105.78,NA,0,0,0,-90
20,3,4,70766.82,38715.48,18,377,105.78,105.78,NA,0,0,0,0
21,3,5,70766.82,38715.48,24,337,105.78,105.78,NA,0,0,0,0
22,3,6,70766.82,38715.48,30,318,105.78,105.78,NA,0,0,0,0
23,3,7,70766.82,38715.48,36,301,105.78,105.78,NA,0,0,0,0
24,3,8,70661.04,38715.48,42,255,211.56,149.596,NA,105.78,17.63,180,180
25,3,9,70766.82,38715.48,48,239,317.34,105.78,NA,105.78,17.63,0,-180
26,3,10,70766.82,38715.48,54,238,317.34,105.78,NA,0,0,0,0
27,3,11,70766.82,38715.48,59,233,317.34,105.78,NA,0,0,0,0
28,4,1,63679.56,39455.94,0,473,0,0,NA,NA,NA,NA,NA
29,4,2,63679.56,39455.94,6,437,0,0,NA,0,0,0,NA
30,4,3,63679.56,39455.94,12,389,0,0,NA,0,0,0,0
31,4,4,63785.34,39455.94,18,354,105.78,105.78,NA,105.78,17.63,0,0
32,4,5,63679.56,39455.94,24,303,211.56,0,NA,105.78,17.63,180,180
33,4,6,63679.56,39455.94,30,280,211.56,0,NA,0,0,0,-180
34,4,7,63679.56,39455.94,36,257,211.56,0,NA,0,0,0,0
35,4,8,63785.34,39455.94,42,233,317.34,105.78,NA,105.78,17.63,0,0
36,4,9,63891.12,39455.94,48,225,423.12,211.56,NA,105.78,17.63,0,0
37,4,10,63679.56,39244.38,54,214,722.311,211.56,NA,299.191,49.865,-135,-135
38,4,11,63785.34,39455.94,59,224,958.842,105.78,NA,236.531,47.306,63.435,-161.565
39,5,1,91393.92,38503.92,0,320,0,0,NA,NA,NA,NA,NA
40,5,2,91393.92,38503.92,6,339,0,0,NA,0,0,0,NA
41,5,3,91393.92,38503.92,12,329,0,0,NA,0,0,0,0
42,5,4,91393.92,38503.92,18,311,0,0,NA,0,0,0,0
43,5,5,91393.92,38503.92,24,334,0,0,NA,0,0,0,0
44,5,6,91393.92,38503.92,30,337,0,0,NA,0,0,0,0
45,5,7,91288.14,38503.92,36,337,105.78,105.78,NA,105.78,17.63,180,180
46,5,8,91393.92,38503.92,42,330,211.56,0,NA,105.78,17.63,0,-180
47,5,9,91393.92,38503.92,48,413,211.56,0,NA,0,0,0,0
48,5,10,91393.92,38503.92,54,402,211.56,0,NA,0,0,0,0
49,5,11,91393.92,38503.92,59,384,211.56,0,NA,0,0,0,0
50,6,1,65477.82,55640.28,0,251,0,0,NA,NA,NA,NA,NA
51,6,2,65372.04,55428.72,6,230,236.531,236.531,NA,236.531,39.422,-116.565,NA
52,6,3,65372.04,55640.28,12,231,448.091,105.78,NA,211.56,35.26,90,-153.435
53,6,4,65372.04,55534.5,18,231,553.871,149.596,NA,105.78,17.63,-90,-180
54,6,5,65372.04,55640.28,24,227,659.651,105.78,NA,105.78,17.63,90,180
55,6,6,65372.04,55640.28,30,215,659.651,105.78,NA,0,0,0,-90
56,6,7,65372.04,55640.28,36,219,659.651,105.78,NA,0,0,0,0
57,6,8,65477.82,55640.28,42,198,765.431,0,NA,105.78,17.63,0,0
58,6,9,65477.82,55534.5,48,194,871.211,105.78,NA,105.78,17.63,-90,-90
59,6,10,65372.04,55640.28,54,201,1020.807,105.78,NA,149.596,24.933,135,-135
60,6,11,65477.82,55534.5,59,205,1170.402,105.78,NA,149.596,29.919,-45,-180
61,7,1,24964.08,67910.76,0,377,0,0,NA,NA,NA,NA,NA
62,7,2,25069.86,67910.76,6,399,105.78,105.78,NA,105.78,17.63,0,NA
63,7,3,24964.08,67910.76,12,406,211.56,0,NA,105.78,17.63,180,180
64,7,4,24964.08,67910.76,18,398,211.56,0,NA,0,0,0,-180
65,7,5,24858.3,67910.76,24,404,317.34,105.78,NA,105.78,17.63,180,180
66,7,6,24858.3,67910.76,30,430,317.34,105.78,NA,0,0,0,-180
67,7,7,24858.3,68016.54,36,419,423.12,149.596,NA,105.78,17.63,90,90
68,7,8,24858.3,67910.76,42,398,528.9,105.78,NA,105.78,17.63,-90,-180
69,7,9,24858.3,67910.76,48,449,528.9,105.78,NA,0,0,0,90
70,7,10,24858.3,67910.76,54,434,528.9,105.78,NA,0,0,0,0
71,7,11,24858.3,67910.76,59,449,528.9,105.78,NA,0,0,0,0
72,8,1,32686.02,73940.22,0,360,0,0,NA,NA,NA,NA,NA
73,8,2,32580.24,73940.22,6,286,105.78,105.78,NA,105.78,17.63,180,NA
74,8,3,32686.02,73940.22,12,260,211.56,0,NA,105.78,17.63,0,-180
75,8,4,32686.02,73940.22,18,270,211.56,0,NA,0,0,0,0
76,8,5,32580.24,73940.22,24,224,317.34,105.78,NA,105.78,17.63,180,180
77,8,6,32686.02,73940.22,30,225,423.12,0,NA,105.78,17.63,0,-180
78,8,7,32580.24,73834.44,36,223,572.716,149.596,NA,149.596,24.933,-135,-135
79,8,8,32474.46,73940.22,42,196,722.311,211.56,NA,149.596,24.933,135,-90
80,8,9,32474.46,73834.44,48,196,828.091,236.531,NA,105.78,17.63,-90,135
81,8,10,32580.24,73940.22,54,198,977.687,105.78,NA,149.596,24.933,45,135
82,8,11,32580.24,73728.66,59,194,1189.247,236.531,NA,211.56,42.312,-90,-135
83,9,1,41465.76,85893.36,0,237,0,0,NA,NA,NA,NA,NA
84,9,2,41465.76,85787.58,6,275,105.78,105.78,NA,105.78,17.63,-90,NA
85,9,3,41465.76,85787.58,12,331,105.78,105.78,NA,0,0,0,90
86,9,4,41465.76,85787.58,18,289,105.78,105.78,NA,0,0,0,0
87,9,5,41465.76,85787.58,24,359,105.78,105.78,NA,0,0,0,0
88,9,6,41465.76,85787.58,30,366,105.78,105.78,NA,0,0,0,0
89,9,7,41465.76,85787.58,36,386,105.78,105.78,NA,0,0,0,0
90,9,8,41465.76,85787.58,42,335,105.78,105.78,NA,0,0,0,0
91,10,1,24435.18,88008.96,0,337,0,0,NA,NA,NA,NA,NA
92,10,2,24223.62,88114.74,6,284,236.531,236.531,NA,236.531,39.422,153.435,NA
93,10,3,24329.4,88114.74,12,319,342.311,149.596,NA,105.78,17.63,0,-153.435
94,10,4,24435.18,88114.74,18,315,448.091,105.78,NA,105.78,17.63,0,0
95,10,5,24223.62,88114.74,24,221,659.651,236.531,NA,211.56,35.26,180,180
96,10,6,24223.62,88008.96,30,212,765.431,211.56,NA,105.78,17.63,-90,90
97,10,7,24223.62,88114.74,36,223,871.211,236.531,NA,105.78,17.63,90,180
98,10,8,24329.4,88114.74,42,218,976.991,149.596,NA,105.78,17.63,0,-90
99,10,9,24223.62,88008.96,48,207,1126.587,211.56,NA,149.596,24.933,-135,-135
100,10,10,24223.62,87903.18,54,198,1232.367,236.531,NA,105.78,17.63,-90,45
101,10,11,24435.18,88114.74,59,207,1531.558,105.78,NA,299.191,59.838,45,135
102,11,1,9414.42,86951.16,0,280,0,0,NA,NA,NA,NA,NA
103,11,2,9414.42,86951.16,6,257,0,0,NA,0,0,0,NA
104,11,3,9414.42,86951.16,12,243,0,0,NA,0,0,0,0
105,11,4,9414.42,86951.16,18,241,0,0,NA,0,0,0,0
106,11,5,9414.42,86951.16,24,206,0,0,NA,0,0,0,0
107,11,6,9520.2,86951.16,30,212,105.78,105.78,NA,105.78,17.63,0,0
108,11,7,9520.2,86951.16,36,211,105.78,105.78,NA,0,0,0,0
109,11,8,9520.2,86951.16,42,197,105.78,105.78,NA,0,0,0,0
110,11,9,9520.2,86739.6,48,200,317.34,236.531,NA,211.56,35.26,-90,-90
111,11,10,9625.98,86951.16,54,193,553.871,211.56,NA,236.531,39.422,63.435,153.435
112,11,11,9520.2,86951.16,59,192,659.651,105.78,NA,105.78,21.156,180,116.565
113,12,1,7933.5,95096.22,0,429,0,0,NA,NA,NA,NA,NA
114,12,2,7616.16,94990.44,6,278,334.506,334.506,NA,334.506,55.751,-161.565,NA
115,12,3,7404.6,95096.22,12,252,571.037,528.9,NA,236.531,39.422,153.435,-45
116,12,4,7404.6,94990.44,18,242,676.817,539.374,NA,105.78,17.63,-90,116.565
117,12,5,7298.82,95202,24,387,913.348,643.435,NA,236.531,39.422,116.565,-153.435
118,12,6,7404.6,95202,30,395,1019.128,539.374,NA,105.78,17.63,0,-116.565
119,12,7,7193.04,95202,36,343,1230.688,747.978,NA,211.56,35.26,180,180
120,12,8,7298.82,95202,42,344,1336.468,643.435,NA,105.78,17.63,0,-180
121,12,9,7404.6,95202,48,377,1442.248,539.374,NA,105.78,17.63,0,0
122,12,10,7404.6,95096.22,54,352,1548.028,528.9,NA,105.78,17.63,-90,-90
123,12,11,7404.6,95202,59,376,1653.808,539.374,NA,105.78,21.156,90,180
124,13,1,7827.72,58919.46,0,266,0,0,NA,NA,NA,NA,NA
125,13,2,7721.94,58919.46,6,296,105.78,105.78,NA,105.78,17.63,180,NA
126,13,3,7827.72,58919.46,12,363,211.56,0,NA,105.78,17.63,0,-180
127,13,4,7827.72,58919.46,18,328,211.56,0,NA,0,0,0,0
128,13,5,7827.72,58919.46,24,433,211.56,0,NA,0,0,0,0
129,13,6,7616.16,58919.46,30,428,423.12,211.56,NA,211.56,35.26,180,180
130,13,7,7616.16,58919.46,36,414,423.12,211.56,NA,0,0,0,-180
131,13,8,7616.16,58919.46,42,400,423.12,211.56,NA,0,0,0,0
132,13,9,7616.16,58919.46,48,435,423.12,211.56,NA,0,0,0,0
133,13,10,7616.16,58919.46,54,427,423.12,211.56,NA,0,0,0,0
134,13,11,7827.72,59025.24,59,409,659.651,105.78,NA,236.531,47.306,26.565,26.565
135,14,1,14597.64,60929.28,0,298,0,0,NA,NA,NA,NA,NA
136,14,2,14597.64,60823.5,6,307,105.78,105.78,NA,105.78,17.63,-90,NA
137,14,3,14597.64,60929.28,12,311,211.56,0,NA,105.78,17.63,90,180
138,14,4,14597.64,60929.28,18,273,211.56,0,NA,0,0,0,-90
139,14,5,14597.64,60929.28,24,279,211.56,0,NA,0,0,0,0
140,14,6,14597.64,60929.28,30,266,211.56,0,NA,0,0,0,0
141,14,7,14597.64,60929.28,36,244,211.56,0,NA,0,0,0,0
142,14,8,14491.86,60929.28,42,213,317.34,105.78,NA,105.78,17.63,180,180
143,14,9,14491.86,60929.28,48,229,317.34,105.78,NA,0,0,0,-180
144,14,10,14597.64,60929.28,54,208,423.12,0,NA,105.78,17.63,0,0
145,14,11,14491.86,60717.72,59,208,659.651,236.531,NA,236.531,47.306,-116.565,-116.565
146,15,1,34590.06,39032.82,0,466,0,0,NA,NA,NA,NA,NA
147,15,2,34695.84,39032.82,6,415,105.78,105.78,NA,105.78,17.63,0,NA
148,15,3,34590.06,39032.82,12,349,211.56,0,NA,105.78,17.63,180,180
149,15,4,34801.62,39032.82,18,351,423.12,211.56,NA,211.56,35.26,0,-180
150,15,5,34590.06,39032.82,24,275,634.68,0,NA,211.56,35.26,180,180
151,15,6,34590.06,39032.82,30,266,634.68,0,NA,0,0,0,-180
152,15,7,34590.06,38821.26,36,235,846.24,211.56,NA,211.56,35.26,-90,-90
153,15,8,34590.06,38821.26,42,225,846.24,211.56,NA,0,0,0,90
154,15,9,34590.06,38927.04,48,211,952.02,105.78,NA,105.78,17.63,90,90
155,15,10,34590.06,39032.82,54,211,1057.8,0,NA,105.78,17.63,90,0
156,15,11,34590.06,38821.26,59,204,1269.36,211.56,NA,211.56,42.312,-90,-180
157,16,1,40407.96,19992.42,0,345,0,0,NA,NA,NA,NA,NA
158,16,2,40407.96,19992.42,6,332,0,0,NA,0,0,0,NA
159,16,3,40407.96,19992.42,12,361,0,0,NA,0,0,0,0
160,16,4,40407.96,19992.42,18,365,0,0,NA,0,0,0,0
161,16,5,40407.96,19992.42,24,353,0,0,NA,0,0,0,0
162,16,6,40407.96,20098.2,30,314,105.78,105.78,NA,105.78,17.63,90,90
163,16,7,40407.96,20098.2,36,320,105.78,105.78,NA,0,0,0,-90
164,16,8,40407.96,20098.2,42,299,105.78,105.78,NA,0,0,0,0
165,16,9,40407.96,20098.2,48,333,105.78,105.78,NA,0,0,0,0
166,16,10,40407.96,20203.98,54,313,211.56,211.56,NA,105.78,17.63,90,90
167,16,11,40407.96,20098.2,59,309,317.34,105.78,NA,105.78,21.156,-90,-180
168,17,1,62410.2,29724.18,0,286,0,0,NA,NA,NA,NA,NA
169,17,2,62092.86,30041.52,6,427,448.787,448.787,NA,448.787,74.798,135,NA
170,17,3,62092.86,30041.52,12,430,448.787,448.787,NA,0,0,0,-135
171,17,4,62092.86,30147.3,18,381,554.567,528.9,NA,105.78,17.63,90,90
172,17,5,62092.86,30041.52,24,392,660.347,448.787,NA,105.78,17.63,-90,-180
173,17,6,62092.86,30041.52,30,420,660.347,448.787,NA,0,0,0,90
174,17,7,62092.86,30041.52,36,403,660.347,448.787,NA,0,0,0,0
175,17,8,62092.86,30041.52,42,369,660.347,448.787,NA,0,0,0,0
176,17,9,62092.86,30147.3,48,388,766.127,528.9,NA,105.78,17.63,90,90
177,17,10,62092.86,30147.3,54,399,766.127,528.9,NA,0,0,0,-90
178,17,11,62092.86,30147.3,59,391,766.127,528.9,NA,0,0,0,0
179,18,1,15338.1,37763.46,0,497,0,0,NA,NA,NA,NA,NA
180,18,2,15338.1,37763.46,6,467,0,0,NA,0,0,0,NA
181,18,3,15338.1,37869.24,12,457,105.78,105.78,NA,105.78,17.63,90,90
182,18,4,15338.1,37869.24,18,403,105.78,105.78,NA,0,0,0,-90
183,18,5,15232.32,37869.24,24,456,211.56,149.596,NA,105.78,17.63,180,180
184,18,6,15232.32,37869.24,30,409,211.56,149.596,NA,0,0,0,-180
185,18,7,15232.32,37869.24,36,395,211.56,149.596,NA,0,0,0,0
186,18,8,15232.32,37869.24,42,324,211.56,149.596,NA,0,0,0,0
187,18,9,15126.54,37869.24,48,305,317.34,236.531,NA,105.78,17.63,180,180
188,18,10,15338.1,37869.24,54,282,528.9,105.78,NA,211.56,35.26,0,-180
189,18,11,15338.1,37869.24,59,284,528.9,105.78,NA,0,0,0,0
190,19,1,6135.24,33849.6,0,456,0,0,NA,NA,NA,NA,NA
191,19,2,6135.24,33955.38,6,422,105.78,105.78,NA,105.78,17.63,90,NA
192,19,3,6135.24,33849.6,12,289,211.56,0,NA,105.78,17.63,-90,-180
193,19,4,6135.24,34061.16,18,254,423.12,211.56,NA,211.56,35.26,90,180
194,19,5,6135.24,33849.6,24,249,634.68,0,NA,211.56,35.26,-90,-180
195,19,6,6241.02,33849.6,30,234,740.46,105.78,NA,105.78,17.63,0,90
196,19,7,6135.24,33849.6,36,243,846.24,0,NA,105.78,17.63,180,180
197,19,8,6135.24,33955.38,42,285,952.02,105.78,NA,105.78,17.63,90,-90
198,19,9,6135.24,34061.16,48,279,1057.8,211.56,NA,105.78,17.63,90,0
199,19,10,6135.24,34061.16,54,290,1057.8,211.56,NA,0,0,0,-90
200,19,11,6135.24,34061.16,59,291,1057.8,211.56,NA,0,0,0,0
201,20,1,29618.4,37340.34,0,232,0,0,NA,NA,NA,NA,NA
202,20,2,29618.4,37340.34,6,268,0,0,NA,0,0,0,NA
203,20,3,29618.4,37340.34,12,271,0,0,NA,0,0,0,0
204,20,4,29618.4,37340.34,18,266,0,0,NA,0,0,0,0
205,20,5,29618.4,37446.12,24,288,105.78,105.78,NA,105.78,17.63,90,90
206,20,6,29618.4,37551.9,30,295,211.56,211.56,NA,105.78,17.63,90,0
207,20,7,29618.4,37446.12,36,290,317.34,105.78,NA,105.78,17.63,-90,-180
208,20,8,29618.4,37551.9,42,329,423.12,211.56,NA,105.78,17.63,90,180
209,20,9,29406.84,37551.9,48,206,634.68,299.191,NA,211.56,35.26,180,90
210,20,10,29618.4,37551.9,54,217,846.24,211.56,NA,211.56,35.26,0,-180
211,20,11,29618.4,37446.12,59,205,952.02,105.78,NA,105.78,21.156,-90,-90
