Nr,TID,PID,x [nm],y [nm],t [sec],I [val],Len [nm],D2S [nm],D2R [nm],D2P [nm],v [nm/sec],α [deg],Δα [deg]
1,1,1,68862.78,87691.62,0,369,0,0,NA,NA,NA,NA,NA
2,1,2,71401.5,85047.12,6,267,3665.853,3665.853,NA,3665.853,610.976,-46.169,NA
3,1,3,74046,83883.54,12,413,6555.022,6431.737,NA,2889.169,481.528,-23.749,22.42
4,1,4,74046,83777.76,18,323,6660.802,6494.926,NA,105.78,17.63,-90,-66.251
5,1,5,74046,83671.98,24,393,6766.582,6559.213,NA,105.78,17.63,-90,0
6,1,6,74151.78,83777.76,30,190,6916.178,6579.652,NA,149.596,24.933,45,135
7,1,7,74574.9,83777.76,36,187,7339.298,6924.349,NA,423.12,70.52,0,-45
8,1,8,74469.12,83777.76,42,177,7445.078,6837.35,NA,105.78,17.63,180,180
9,1,9,74574.9,83777.76,48,189,7550.858,6924.349,NA,105.78,17.63,0,-180
10,1,10,74469.12,83777.76,54,185,7656.638,6837.35,NA,105.78,17.63,180,180
11,1,11,74151.78,83671.98,59,192,7991.144,6643.119,NA,334.506,66.901,-161.565,18.435
12,2,1,56592.3,66006.72,0,314,0,0,NA,NA,NA,NA,NA
13,2,2,51091.74,68016.54,6,262,5856.239,5856.239,NA,5856.239,976.04,159.928,NA
14,2,3,51091.74,69285.9,12,323,7125.599,6403.841,NA,1269.36,211.56,90,-69.928
15,2,4,52678.44,70449.48,18,242,9093.221,5920.846,NA,1967.622,327.937,36.254,-53.746
16,2,5,55428.72,77113.62,24,203,16302.576,11167.683,NA,7209.355,1201.559,67.574,31.32
17,2,6,59131.02,81344.82,30,251,21924.86,15546.781,NA,5622.284,937.047,48.814,-18.76
18,2,7,66006.72,83354.64,36,232,29088.283,19737.822,NA,7163.423,1193.904,16.294,-32.52
19,2,8,66218.28,83671.98,42,301,29469.678,20117.676,NA,381.395,63.566,56.31,40.016
20,2,9,68545.44,87268.5,48,302,33753.442,24391.409,NA,4283.764,713.961,57.095,0.785
21,2,10,75209.58,89384.1,54,280,40745.332,29884.863,NA,6991.89,1165.315,17.613,-39.482
22,2,11,77642.52,87691.62,59,319,43709.06,30221.626,NA,2963.728,592.746,-34.824,-52.437
23,3,1,91182.36,88643.64,0,376,0,0,NA,NA,NA,NA,NA
24,3,2,91182.36,88432.08,6,334,211.56,211.56,NA,211.56,35.26,-90,NA
25,3,3,91076.58,88432.08,12,405,317.34,236.531,NA,105.78,17.63,180,-90
26,3,4,91393.92,85152.9,18,261,3611.839,3497.145,NA,3294.499,549.083,-84.472,95.528
27,3,5,90865.02,79863.9,24,473,8927.219,8785.473,NA,5315.379,885.897,-95.711,-11.238
28,3,6,86633.82,79863.9,30,203,13158.419,9888.026,NA,4231.2,705.2,180,-84.289
29,3,7,86422.26,79546.56,36,337,13539.814,10267.201,NA,381.395,63.566,-123.69,56.31
30,3,8,86422.26,79546.56,42,334,13539.814,10267.201,NA,0,0,0,123.69
31,3,9,86316.48,79546.56,48,331,13645.594,10316.669,NA,105.78,17.63,180,180
32,3,10,85787.58,80075.46,54,399,14393.571,10125.086,NA,747.978,124.663,135,-45
33,3,11,84729.78,81450.6,59,372,16128.492,9663.106,NA,1734.921,346.984,127.569,-7.431
34,4,1,81767.94,50985.96,0,241,0,0,NA,NA,NA,NA,NA
35,4,2,78382.98,48764.58,6,252,4048.763,4048.763,NA,4048.763,674.794,-146.725,NA
36,4,3,77642.52,48658.8,12,324,4796.741,4736.535,NA,747.978,124.663,-171.87,-25.145
37,4,4,77113.62,48553.02,18,264,5336.115,5251.847,NA,539.374,89.896,-168.69,3.18
38,4,5,76267.38,48341.46,24,313,6208.399,6103.24,NA,872.284,145.381,-165.964,2.726
39,4,6,74046,49187.7,30,357,8585.509,7928.562,NA,2377.11,396.185,159.146,-34.891
40,4,7,74786.46,51091.74,36,406,10628.46,6982.281,NA,2042.951,340.492,68.749,-90.396
41,4,8,77430.96,53313.12,42,210,14082.141,4921.897,NA,3453.681,575.613,40.03,-28.719
42,4,9,80921.7,52361.1,48,218,17700.373,1614.662,NA,3618.233,603.039,-15.255,-55.285
43,4,10,83037.3,49928.16,54,288,20924.495,1652.336,NA,3224.122,537.354,-48.991,-33.736
44,4,11,81767.94,48658.8,59,373,22719.641,2327.16,NA,1795.146,359.029,-135,-86.009
45,5,1,85999.14,46543.2,0,371,0,0,NA,NA,NA,NA,NA
46,5,2,83460.42,45168.06,6,338,2887.232,2887.232,NA,2887.232,481.205,-151.557,NA
47,5,3,79335,42946.68,12,242,7572.701,7572.696,NA,4685.469,780.911,-151.699,-0.142
48,5,4,78488.76,41042.64,18,418,9656.325,9309.241,NA,2083.624,347.271,-113.962,37.737
49,5,5,80287.02,39138.6,24,242,12275.315,9351.814,NA,2618.99,436.498,-46.637,67.326
50,5,6,82402.62,34695.84,30,346,17196.075,12381.232,NA,4920.76,820.127,-64.537,-17.9
51,5,7,85999.14,33003.36,36,214,21170.927,13539.84,NA,3974.852,662.475,-25.201,39.336
52,5,8,86633.82,32897.58,42,301,21814.361,13660.372,NA,643.435,107.239,-9.462,15.739
53,5,9,88960.98,32686.02,48,293,24151.118,14170.178,NA,2336.757,389.459,-5.194,4.268
54,5,10,93932.64,33109.14,54,283,29140.751,15601.743,NA,4989.633,831.605,4.865,10.059
55,5,11,93403.74,31205.1,59,234,31116.884,17031.894,NA,1976.133,395.227,-105.524,-110.389
56,6,1,104827.98,32897.58,0,428,0,0,NA,NA,NA,NA,NA
57,6,2,104722.2,32897.58,6,355,105.78,105.78,NA,105.78,17.63,180,NA
58,6,3,104404.86,33320.7,12,374,634.68,598.382,NA,528.9,88.15,126.87,-53.13
59,6,4,104087.52,33109.14,18,261,1016.075,770.09,NA,381.395,63.566,-146.31,86.82
60,6,5,104827.98,33955.38,24,375,2140.532,1057.8,NA,1124.457,187.409,48.814,-164.876
61,6,6,105039.54,36917.22,30,278,5109.918,4025.204,NA,2969.386,494.898,85.914,37.1
62,6,7,102077.7,38927.04,36,357,8689.286,6627.098,NA,3579.368,596.561,145.84,59.926
63,6,8,99644.76,37975.02,42,201,11301.859,7255.768,NA,2612.573,435.429,-158.629,55.53
64,6,9,97952.28,36811.44,48,307,13355.735,7911.609,NA,2053.876,342.313,-145.491,13.138
65,6,10,96365.58,33743.82,54,349,16809.416,8504.607,NA,3453.681,575.613,-117.35,28.142
66,6,11,96682.92,33109.14,59,427,17519.009,8147.807,NA,709.594,141.919,-63.435,53.915
67,7,1,95519.34,35965.2,0,342,0,0,NA,NA,NA,NA,NA
68,7,2,98904.3,36705.66,6,335,3465.001,3465.001,NA,3465.001,577.5,12.339,NA
69,7,3,99433.2,36917.22,12,376,4034.644,4027.982,NA,569.643,94.94,21.801,9.462
70,7,4,99010.08,38080.8,18,388,5272.767,4081.792,NA,1238.123,206.354,109.983,88.182
71,7,5,99221.64,41888.88,24,278,9086.72,6985.486,NA,3813.952,635.659,86.82,-23.163
72,7,6,99221.64,45273.84,30,216,12471.68,10017.874,NA,3384.96,564.16,90,3.18
73,7,7,99750.54,45485.4,36,322,13041.322,10418.122,NA,569.643,94.94,21.801,-68.199
74,7,8,101019.9,45168.06,42,250,14349.749,10721.417,NA,1308.426,218.071,-14.036,-35.838
75,7,9,104193.3,44216.04,48,239,17662.875,11971.38,NA,3313.127,552.188,-16.699,-2.663
76,7,10,107895.6,44956.5,54,275,21438.495,15297.558,NA,3775.62,629.27,11.31,28.009
77,7,11,109693.86,45273.84,59,232,23264.541,16957.824,NA,1826.046,365.209,10.008,-1.302
78,8,1,91393.92,58919.46,0,257,0,0,NA,NA,NA,NA,NA
79,8,2,95942.46,57967.44,6,238,4647.102,4647.102,NA,4647.102,774.517,-11.821,NA
80,8,3,97846.5,54476.7,12,231,8623.361,7834.15,NA,3976.259,662.71,-61.39,-49.568
81,8,4,98163.84,52361.1,18,207,10762.629,9425.704,NA,2139.268,356.545,-81.469,-20.08
82,8,5,98692.74,51726.42,24,375,11588.797,10247.565,NA,826.168,137.695,-50.194,31.275
83,8,6,102077.7,52466.88,30,216,15053.799,12481.144,NA,3465.001,577.5,12.339,62.534
84,8,7,103135.5,53947.8,36,228,16873.707,12750.769,NA,1819.908,303.318,54.462,42.123
85,8,8,104299.08,57226.98,42,309,20353.209,13015.669,NA,3479.503,579.917,70.463,16.001
86,8,9,103347.06,61881.3,50,308,25103.898,12314.628,NA,4750.688,593.836,101.56,31.097
87,8,10,104193.3,63573.78,56,192,26996.148,13619.355,NA,1892.25,315.375,63.435,-38.125
88,8,11,104299.08,63996.9,59,178,27432.29,13868.077,NA,436.142,145.381,75.964,12.529
89,9,1,70978.38,45802.74,0,277,0,0,NA,NA,NA,NA,NA
90,9,2,68545.44,42206.22,6,200,4342.137,4342.137,NA,4342.137,723.689,-124.077,NA
91,9,3,60929.28,40407.96,12,310,12167.712,11405.615,NA,7825.576,1304.263,-166.715,-42.638
92,9,4,54053.58,41359.98,18,361,19109.009,17498.199,NA,6941.296,1156.883,172.117,-21.168
93,9,5,49081.92,44321.82,24,413,24896.054,21946.482,NA,5787.046,964.508,149.216,-22.901
94,9,6,41254.2,44004.48,30,220,32730.204,29778.526,NA,7834.15,1305.692,-177.678,33.106
95,9,7,38292.36,44850.72,36,274,35810.564,32699.881,NA,3080.36,513.393,164.055,-18.267
96,9,8,37657.68,46754.76,42,331,37817.599,33334.298,NA,2007.034,334.506,108.435,-55.62
97,9,9,40302.18,53524.68,48,259,45085.693,31633.173,NA,7268.094,1211.349,68.663,-39.772
98,9,10,44216.04,60400.38,54,326,52997.302,30484.651,NA,7911.609,1318.601,60.35,-8.313
99,9,11,45485.4,63468,59,442,56317.176,31015.374,NA,3319.875,663.975,67.521,7.17
100,10,1,18828.84,57015.42,0,311,0,0,NA,NA,NA,NA,NA
101,10,2,23377.38,58179,6,350,4695.012,4695.012,NA,4695.012,782.502,14.349,NA
102,10,3,29618.4,62939.1,12,292,12544.144,12308.72,NA,7849.133,1308.189,37.333,22.984
103,10,4,33743.82,64737.36,18,283,17044.459,16795.386,NA,4500.314,750.052,23.552,-13.781
104,10,5,38398.14,68122.32,24,299,22799.513,22501.572,NA,5755.054,959.176,36.027,12.475
105,10,6,40090.62,68651.22,37,255,24572.709,24237.474,NA,1773.196,136.4,17.354,-18.673
106,10,7,40936.86,70978.38,43,234,27048.955,26148.208,NA,2476.246,412.708,70.017,52.663
107,10,8,41783.1,71613.06,49,274,28106.755,27202.742,NA,1057.8,176.3,36.87,-33.147
108,10,9,45062.28,72882.42,55,271,31623.045,30658.687,NA,3516.29,586.048,21.161,-15.709
109,10,10,49505.04,72776.64,59,291,36067.064,34488.336,NA,4444.019,1111.005,-1.364,-22.525
110,11,1,77113.62,64314.24,0,404,0,0,NA,NA,NA,NA,NA
111,11,2,76267.38,65477.82,6,316,1438.764,1438.764,NA,1438.764,239.794,126.027,NA
112,11,3,76055.82,66429.84,12,621,2414.007,2365.313,NA,975.243,162.541,102.529,-23.499
113,11,4,76161.6,68016.54,18,306,4004.229,3822.743,NA,1590.222,265.037,86.186,-16.343
114,11,5,75844.26,62198.64,24,283,9830.777,2467.192,NA,5826.548,971.091,-93.122,-179.308
115,11,6,72882.42,59025.24,30,214,14171.626,6773.225,NA,4340.848,723.475,-133.025,-39.903
116,11,7,76690.5,57650.1,36,265,18220.389,6677.559,NA,4048.763,674.794,-19.855,113.17
117,11,8,76584.72,57438.54,42,412,18456.92,6896.012,NA,236.531,39.422,-116.565,-96.71
118,12,1,83248.86,78277.2,0,265,0,0,NA,NA,NA,NA,NA
119,12,2,87162.72,80815.92,6,242,4665.126,4665.126,NA,4665.126,777.521,32.969,NA
120,12,3,90124.56,80710.14,12,413,7628.854,7293.452,NA,2963.728,493.955,-2.045,-35.015
121,12,4,90018.78,80604.36,18,499,7778.45,7158.735,NA,149.596,24.933,-135,-132.955
122,12,5,88960.98,81027.48,24,327,8917.735,6339.744,NA,1139.285,189.881,158.199,-66.801
123,12,6,88114.74,81979.5,30,276,10191.495,6114.23,NA,1273.76,212.293,131.634,-26.565
124,12,7,88114.74,81873.72,36,258,10297.275,6050.764,NA,105.78,17.63,-90,138.366
125,12,8,92134.38,77325.18,42,257,16367.425,8936.376,NA,6070.15,1011.692,-48.532,41.468
126,12,9,97106.04,74786.46,48,215,21949.764,14290.091,NA,5582.338,930.39,-27.051,21.482
127,12,10,99644.76,71189.94,54,217,26352.042,17862.105,NA,4402.278,733.713,-54.782,-27.732
128,12,11,99644.76,71401.5,59,227,26563.602,17779.223,NA,211.56,42.312,90,144.782
129,13,1,78700.32,71507.28,0,237,0,0,NA,NA,NA,NA,NA
130,13,2,81133.26,70026.36,6,253,2848.214,2848.214,NA,2848.214,474.702,-31.329,NA
131,13,3,82296.84,68968.56,12,223,4420.746,4402.278,NA,1572.533,262.089,-42.274,-10.945
132,13,4,83460.42,64843.14,18,242,8707.121,8189.586,NA,4286.375,714.396,-74.249,-31.975
133,13,5,85470.24,62939.1,24,294,11475.649,10919.96,NA,2768.528,461.421,-43.452,30.797
134,13,6,83671.98,61458.18,30,185,13805.212,11211.682,NA,2329.563,388.26,-140.528,-97.076
135,13,7,82825.74,60400.38,36,228,15159.857,11848.304,NA,1354.645,225.774,-128.66,11.868
136,13,8,79758.12,59871.48,42,245,18272.737,11683.783,NA,3112.881,518.813,-170.218,-41.558
137,13,9,79758.12,59131.02,48,467,19013.197,12421.383,NA,740.46,123.41,-90,80.218
138,13,10,79758.12,59131.02,59,383,19013.197,12421.383,NA,0,0,0,90
139,14,1,24435.18,88326.3,0,283,0,0,NA,NA,NA,NA,NA
140,14,2,20098.2,89489.88,6,295,4490.358,4490.358,NA,4490.358,748.393,164.982,NA
141,14,3,17030.58,92240.16,12,280,8610.35,8375.345,NA,4119.992,686.665,138.122,-26.86
142,14,4,13962.96,95096.22,18,366,12801.694,12469.932,NA,4191.345,698.557,137.045,-1.077
143,14,5,9520.2,96682.92,24,227,17519.293,17096.483,NA,4717.598,786.266,160.346,23.301
144,14,6,5606.34,98692.74,30,398,21919.029,21493.913,NA,4399.736,733.289,152.819,-7.527
145,14,7,740.46,102077.7,37,264,27846.485,27395.999,NA,5927.457,846.78,145.176,-7.643
146,14,8,0,102712.38,43,360,28821.729,28355.552,NA,975.243,162.541,139.399,-5.777
147,15,1,52572.66,72036.18,0,280,0,0,NA,NA,NA,NA,NA
148,15,2,54476.7,77854.08,6,247,6121.546,6121.546,NA,6121.546,1020.258,71.878,NA
149,15,3,55746.06,82719.96,12,301,11150.27,11145.117,NA,5028.724,838.121,75.379,3.501
150,15,4,55217.16,88537.86,18,293,16992.162,16712.236,NA,5841.891,973.649,95.194,19.815
151,15,5,53313.12,92028.6,24,203,20968.42,20006.128,NA,3976.259,662.71,118.61,23.416
152,15,6,51620.64,95202,30,241,24564.94,23185.374,NA,3596.52,599.42,118.072,-0.538
153,15,7,44850.72,97740.72,36,294,31795.218,26839.369,NA,7230.278,1205.046,159.444,41.371
154,15,8,40619.52,98375.4,44,305,36073.754,28924.593,NA,4278.536,534.817,171.469,12.025
155,15,9,37869.24,94990.44,50,308,40435.175,27259.652,NA,4361.421,726.904,-129.094,59.437
156,15,10,33214.92,96154.02,56,273,45232.739,30925.593,NA,4797.563,799.594,165.964,-64.942
157,15,11,30358.86,99433.2,59,272,49581.313,35271.088,NA,4348.575,1449.525,131.055,-34.909
158,16,1,51303.3,102077.7,0,270,0,0,NA,NA,NA,NA,NA
159,16,2,48976.14,101125.68,6,301,2514.362,2514.362,NA,2514.362,419.06,-157.751,NA
160,16,3,45379.62,103875.96,12,395,7041.944,6190.616,NA,4527.582,754.597,142.595,-59.654
161,16,4,40302.18,106308.9,18,243,12672.183,11786.759,NA,5630.239,938.373,154.398,11.803
162,16,5,38186.58,106414.68,24,396,14790.426,13815.127,NA,2118.243,353.04,177.138,22.74
163,16,6,35436.3,107895.6,27,287,17914.072,16899.99,NA,3123.646,1041.215,151.699,-25.438
164,17,1,55005.6,75421.14,0,356,0,0,NA,NA,NA,NA,NA
165,17,2,51726.42,76478.94,6,347,3445.571,3445.571,NA,3445.571,574.262,162.121,NA
166,17,3,52678.44,81556.38,12,259,8611.492,6561.771,NA,5165.921,860.987,79.38,-82.741
167,17,4,54582.48,85787.58,16,306,13251.365,10375.072,NA,4639.873,1159.968,65.772,-13.608
168,17,5,56803.86,87374.28,22,252,15981.227,12087.651,NA,2729.862,454.977,35.538,-30.235
169,17,6,60506.16,90759.24,28,318,20997.698,16294.584,NA,5016.471,836.078,42.436,6.899
170,17,7,63996.9,92663.28,34,267,24973.957,19445.69,NA,3976.259,662.71,28.61,-13.826
171,17,8,69709.02,95836.68,40,263,31508.387,25159.19,NA,6534.431,1089.072,29.055,0.444
172,17,9,72882.42,96471.36,46,236,34744.633,27616.887,NA,3236.246,539.374,11.31,-17.745
173,17,10,74469.12,94778.88,48,244,37064.57,27450.878,NA,2319.937,1159.968,-46.848,-58.158
174,17,11,81767.94,91076.58,55,318,45248.688,31005.091,NA,8184.119,1169.16,-26.896,19.951
175,17,12,84624,89278.32,59,258,48623.717,32699.71,NA,3375.029,843.757,-32.196,-5.299
176,18,1,112867.26,20944.44,0,277,0,0,NA,NA,NA,NA,NA
177,18,2,112973.04,17665.26,6,303,3280.886,3280.886,NA,3280.886,546.814,-88.152,NA
178,18,3,111597.9,14280.3,12,247,6934.509,6783.954,NA,3653.623,608.937,-112.109,-23.957
179,18,4,110328.54,12587.82,18,239,9050.109,8733.739,NA,2115.6,352.6,-126.87,-14.76
180,18,5,109164.96,12482.04,24,246,10218.487,9236.841,NA,1168.378,194.73,-174.806,-47.936
181,18,6,105674.22,11318.46,30,310,13898.05,12016.627,NA,3679.563,613.261,-161.565,13.241
182,18,7,100385.22,10578,36,307,19238.631,16225.425,NA,5340.581,890.097,-172.03,-10.465
183,18,8,101125.68,5923.68,42,299,23951.483,19065.359,NA,4712.852,785.475,-80.961,91.07
184,18,9,102183.48,2961.84,48,381,27096.549,20916.908,NA,3145.066,524.178,-70.346,10.614
185,19,1,33320.7,20309.76,0,347,0,0,NA,NA,NA,NA,NA
186,19,2,34590.06,18723.06,6,370,2031.967,2031.967,NA,2031.967,338.661,-51.34,NA
187,19,3,40619.52,16924.8,12,367,8323.877,8045.541,NA,6291.91,1048.652,-16.607,34.733
188,19,4,39350.16,11001.12,18,359,14382.034,11090.769,NA,6058.156,1009.693,-102.095,-85.488
189,19,5,40513.74,11001.12,24,429,15545.614,11763.954,NA,1163.58,193.93,0,102.095
190,19,6,37975.02,14809.2,30,234,20122.356,7205.474,NA,4576.743,762.79,123.69,123.69
191,19,7,31416.66,12376.26,36,295,27117.446,8158.786,NA,6995.09,1165.848,-159.647,76.663
192,19,8,27820.14,6875.7,42,260,33689.441,14516.547,NA,6571.995,1095.332,-123.179,36.468
193,19,9,25810.32,5183.22,48,439,36316.962,16888.399,NA,2627.521,437.92,-139.899,-16.721
194,19,10,23694.72,0,54,423,41915.312,22475.45,NA,5598.351,933.058,-112.203,27.696
