Nr,TID,PID,x [nm],y [nm],t [sec],I [val],Len [nm],D2S [nm],D2R [nm],D2P [nm],v [nm/sec],α [deg],Δα [deg]
1,1,1,111492.12,23165.82,0,400,0,0,NA,NA,NA,NA,NA
2,1,2,113501.94,24223.62,6,349,2271.193,2271.193,NA,2271.193,378.532,27.759,NA
3,1,3,115405.98,25704.54,12,369,4683.348,4665.126,NA,2412.155,402.026,37.875,10.116
4,1,4,116040.66,26021.88,18,351,5392.942,5370.875,NA,709.594,118.266,26.565,-11.31
5,1,5,117204.24,27397.02,24,343,7194.31,7108.542,NA,1801.368,300.228,49.764,23.199
6,1,6,117310.02,28243.26,30,332,8047.136,7721.94,NA,852.826,142.138,82.875,33.111
7,1,7,117627.36,29195.28,36,365,9050.653,8602.067,NA,1003.517,167.253,71.565,-11.31
8,1,8,119214.06,30147.3,42,408,10901.047,10410.063,NA,1850.394,308.399,30.964,-40.601
9,1,9,120271.86,30253.08,48,346,11964.123,11283.31,NA,1063.076,177.179,5.711,-25.253
10,1,10,121964.34,31205.1,54,378,13905.986,13202.175,NA,1941.863,323.644,29.358,23.647
11,1,11,122704.8,33320.7,59,240,16147.424,15127.65,NA,2241.438,448.288,70.71,41.352
12,2,1,123127.92,23271.6,0,393,0,0,NA,NA,NA,NA,NA
13,2,2,121964.34,23060.04,6,377,1182.656,1182.656,NA,1182.656,197.109,-169.695,NA
14,2,3,121329.66,23906.28,12,272,2240.456,1906.976,NA,1057.8,176.3,126.87,-63.435
15,2,4,120800.76,25175.64,18,310,3615.596,3006.833,NA,1375.14,229.19,112.62,-14.25
16,2,5,120377.64,25281.42,24,337,4051.738,3406.379,NA,436.142,72.69,165.964,53.344
17,2,6,119531.4,25069.86,30,367,4924.023,4021.032,NA,872.284,145.381,-165.964,28.072
18,2,7,118790.94,24964.08,36,343,5672,4655.522,NA,747.978,124.663,-171.87,-5.906
19,2,8,118473.6,25387.2,42,429,6200.9,5112.578,NA,528.9,88.15,126.87,-61.26
20,2,9,118685.16,24858.3,48,391,6770.543,4717.598,NA,569.643,94.94,-68.199,164.932
21,2,10,119002.5,24540.96,54,382,7219.33,4316.291,NA,448.787,74.798,-45,23.199
22,2,11,119002.5,24646.74,59,413,7325.11,4348.575,NA,105.78,21.156,90,135
23,3,1,118790.94,38927.04,0,377,0,0,NA,NA,NA,NA,NA
24,3,2,122916.36,37657.68,6,373,4316.291,4316.291,NA,4316.291,719.382,-17.103,NA
25,3,3,125031.96,36917.22,12,277,6557.729,6556.654,NA,2241.438,373.573,-19.29,-2.187
26,3,4,125243.52,36494.1,18,306,7030.791,6896.012,NA,473.063,78.844,-63.435,-44.145
27,3,5,127041.78,37446.12,24,268,9065.51,8382.69,NA,2034.719,339.12,27.897,91.332
28,3,6,128734.26,35647.86,30,316,11534.969,10470.083,NA,2469.459,411.576,-46.736,-74.633
29,3,7,131801.88,33849.6,36,356,15090.814,13966.566,NA,3555.845,592.641,-30.379,16.357
30,3,8,137408.22,31945.56,42,312,21011.66,19883.264,NA,5920.846,986.808,-18.759,11.62
31,3,9,140687.4,30993.54,48,262,24426.241,23289.383,NA,3414.581,569.097,-16.189,2.569
32,3,10,143226.12,30041.52,54,349,27137.595,26000.586,NA,2711.354,451.892,-20.556,-4.367
33,3,11,145235.94,30041.52,59,337,29147.415,27897.858,NA,2009.82,401.964,0,20.556
34,4,1,27925.92,29618.4,0,492,0,0,NA,NA,NA,NA,NA
35,4,2,26550.78,28983.72,6,389,1514.539,1514.539,NA,1514.539,252.423,-155.225,NA
36,4,3,24646.74,27820.14,12,360,3745.971,3739.888,NA,2231.432,371.905,-148.57,6.654
37,4,4,22954.26,25916.1,18,747,6293.49,6198.744,NA,2547.52,424.587,-131.634,16.937
38,4,5,23800.5,22531.14,24,307,9782.627,8200.509,NA,3489.137,581.523,-75.964,55.67
39,4,6,23588.94,19886.64,30,419,12435.576,10654.414,NA,2652.949,442.158,-94.574,-18.61
40,4,7,23377.38,17982.6,36,428,14351.333,12493.24,NA,1915.757,319.293,-96.34,-1.766
41,4,8,22319.58,16395.9,42,496,16258.31,14361.948,NA,1906.976,317.829,-123.69,-27.35
42,4,9,21896.46,15972.78,48,457,16856.692,14918.356,NA,598.382,99.73,-135,-11.31
43,4,10,22213.8,16184.34,54,515,17238.087,14598.023,NA,381.395,63.566,33.69,168.69
44,4,11,25069.86,16184.34,59,307,20094.147,13734.302,NA,2856.06,571.212,0,-33.69
45,5,1,13962.96,31945.56,0,380,0,0,NA,NA,NA,NA,NA
46,5,2,13962.96,27397.02,6,291,4548.54,4548.54,NA,4548.54,758.09,-90,NA
47,5,3,13857.18,24752.52,12,442,7195.155,7193.818,NA,2646.615,441.102,-92.291,-2.291
48,5,4,14174.52,24329.4,18,447,7724.055,7619.098,NA,528.9,88.15,-53.13,39.161
49,5,5,14068.74,24012.06,24,452,8058.56,7934.205,NA,334.506,55.751,-108.435,-55.305
50,5,6,14280.3,23271.6,30,418,8828.651,8679.763,NA,770.09,128.348,-74.055,34.38
51,5,7,16290.12,21896.46,36,339,11263.889,10315.042,NA,2435.238,405.873,-34.38,39.674
52,5,8,18723.06,22213.8,42,421,13717.438,10833.545,NA,2453.549,408.925,7.431,41.812
53,5,9,21896.46,23060.04,48,370,17001.732,11911.88,NA,3284.294,547.382,14.931,7.5
54,5,10,23165.82,24012.06,54,260,18588.432,12150.434,NA,1586.7,264.45,36.87,21.938
55,5,11,23800.5,23694.72,59,486,19298.026,12839.531,NA,709.594,141.919,-26.565,-63.435
56,6,1,32262.9,49928.16,0,341,0,0,NA,NA,NA,NA,NA
57,6,2,33109.14,54899.82,6,411,5043.166,5043.166,NA,5043.166,840.528,80.34,NA
58,6,3,35542.08,59977.26,12,360,10673.405,10570.593,NA,5630.239,938.373,64.398,-15.942
59,6,4,40513.74,59236.8,18,290,15699.904,12438.936,NA,5026.498,837.75,-8.471,-72.869
60,6,5,43264.02,55428.72,24,456,20397.298,12299.626,NA,4697.394,782.899,-54.162,-45.691
61,6,6,43687.14,54899.82,30,360,21074.62,12459.16,NA,677.322,112.887,-51.34,2.822
62,6,7,43581.36,54899.82,36,393,21180.4,12362.238,NA,105.78,17.63,180,-128.66
63,6,8,43898.7,54159.36,42,396,21985.997,12381.232,NA,805.596,134.266,-66.801,113.199
64,6,9,44321.82,53101.56,48,415,23125.282,12469.484,NA,1139.285,189.881,-68.199,-1.397
65,6,10,44639.16,52255.32,54,336,24029.067,12593.152,NA,903.785,150.631,-69.444,-1.245
66,6,11,44321.82,49505.04,59,392,26797.595,12066.341,NA,2768.528,553.706,-96.582,-27.138
67,7,1,28772.16,50351.28,0,313,0,0,NA,NA,NA,NA,NA
68,7,2,30147.3,45485.4,6,366,5056.461,5056.461,NA,5056.461,842.744,-74.219,NA
69,7,3,28454.82,43264.02,12,494,7849.133,7094.361,NA,2792.672,465.445,-127.304,-53.085
70,7,4,25598.76,42523.56,18,271,10799.618,8446.518,NA,2950.485,491.747,-165.466,-38.162
71,7,5,22954.26,40407.96,24,412,14186.23,11520.311,NA,3386.612,564.435,-141.34,24.125
72,7,6,18299.94,38398.14,30,305,19255.951,15891.663,NA,5069.721,844.954,-156.644,-15.304
73,7,7,15338.1,37763.46,36,391,22285.029,18409.975,NA,3029.078,504.846,-167.905,-11.261
74,7,8,13645.62,37763.46,42,259,23977.509,19679.061,NA,1692.48,282.08,180,-12.095
75,7,9,12058.92,38398.14,48,266,25686.438,20547.748,NA,1708.928,284.821,158.199,-21.801
76,7,10,11741.58,38715.48,54,442,26135.224,20626.015,NA,448.787,74.798,135,-23.199
77,7,11,11424.24,38715.48,59,422,26452.564,20888.805,NA,317.34,63.468,180,45
78,8,1,66112.5,20521.32,0,498,0,0,NA,NA,NA,NA,NA
79,8,2,65795.16,21684.9,12,405,1206.078,1206.078,NA,1206.078,100.506,105.255,NA
80,8,3,66006.72,24223.62,18,442,3753.597,3703.811,NA,2547.52,424.587,85.236,-20.019
81,8,4,65372.04,25281.42,24,416,4987.193,4817.347,NA,1233.596,205.599,120.964,35.727
82,8,5,63891.12,26868.12,30,346,7157.618,6724.314,NA,2170.424,361.737,133.025,12.061
83,8,6,63468,27714.36,36,369,8103.743,7663.759,NA,946.125,157.688,116.565,-16.46
84,8,7,63044.88,27820.14,42,348,8539.885,7917.264,NA,436.142,72.69,165.964,49.399
85,8,8,61987.08,28560.6,48,700,9831.094,9035.99,NA,1291.209,215.202,145.008,-20.956
86,8,9,60611.94,30676.2,54,378,12354.341,11548.928,NA,2523.247,420.541,123.024,-21.984
87,8,10,59025.24,32157.12,59,352,14524.765,13624.283,NA,2170.424,434.085,136.975,13.951
88,9,1,71930.4,25069.86,0,429,0,0,NA,NA,NA,NA,NA
89,9,2,72353.52,24964.08,6,421,436.142,436.142,NA,436.142,72.69,-14.036,NA
90,9,3,74892.24,27291.24,12,349,3880.089,3702.3,NA,3443.947,573.991,42.51,56.547
91,9,4,76796.28,29935.74,18,435,7138.732,6881.393,NA,3258.642,543.107,54.246,11.736
92,9,5,79440.78,32368.68,24,330,10732.139,10472.754,NA,3593.407,598.901,42.614,-11.632
93,9,6,82085.28,32368.68,30,475,13376.639,12505.773,NA,2644.5,440.75,0,-42.614
94,9,7,82508.4,31945.56,36,385,13975.021,12616.233,NA,598.382,99.73,-45,-45
95,9,8,83777.76,31205.1,42,447,15444.564,13341.706,NA,1469.543,244.924,-30.256,14.744
96,9,9,85364.46,30358.86,48,240,17242.824,14437.711,NA,1798.26,299.71,-28.072,2.184
97,9,10,86528.04,30041.52,54,353,18448.901,15421.041,NA,1206.078,201.013,-15.255,12.817
98,9,11,88114.74,29406.84,59,445,20157.83,16755.365,NA,1708.928,341.786,-21.801,-6.546
99,10,1,44110.26,17136.36,0,579,0,0,NA,NA,NA,NA,NA
100,10,2,44110.26,15867,6,292,1269.36,1269.36,NA,1269.36,211.56,-90,NA
101,10,3,44004.48,12376.26,12,291,4761.702,4761.275,NA,3492.342,582.057,-91.736,-1.736
102,10,4,42735.12,12164.7,18,394,6048.572,5158.334,NA,1286.869,214.478,-170.538,-78.802
103,10,5,42629.34,12270.48,24,431,6198.167,5086.247,NA,149.596,24.933,135,-54.462
104,10,6,41994.66,12376.26,30,377,6841.602,5209.061,NA,643.435,107.239,170.538,35.538
105,10,7,40090.62,12482.04,36,517,8748.578,6149.813,NA,1906.976,317.829,176.82,6.282
106,10,8,36811.44,14280.3,42,387,12488.466,7837.72,NA,3739.888,623.315,151.26,-25.56
107,10,9,35013.18,14174.52,48,295,14289.834,9567.098,NA,1801.368,300.228,-176.634,32.106
108,10,10,31628.22,11530.02,54,343,18585.336,13683.288,NA,4295.502,715.917,-142.001,34.632
109,10,11,31416.66,9414.42,59,308,20711.487,14857.854,NA,2126.152,425.23,-95.711,46.291
110,11,3,34166.94,10049.1,12,393,0,0,NA,NA,NA,NA,NA
