Nr,TID,PID,x [nm],y [nm],t [sec],I [val],Len [nm],D2S [nm],D2R [nm],D2P [nm],v [nm/sec],α [deg],Δα [deg]
1,1,1,41359.98,41254.2,0,246,0,0,NA,NA,NA,NA,NA
2,1,2,41465.76,41994.66,6,210,747.978,747.978,NA,747.978,124.663,81.87,NA
3,1,3,42206.22,42840.9,12,199,1872.434,1798.26,NA,1124.457,187.409,48.814,-33.056
4,1,4,42946.68,43369.8,18,227,2782.388,2644.5,NA,909.954,151.659,35.538,-13.276
5,1,5,43369.8,44110.26,24,195,3635.214,3492.342,NA,852.826,142.138,60.255,24.717
6,1,6,42735.12,45062.28,30,180,4779.4,4048.763,NA,1144.186,190.698,123.69,63.435
7,1,7,42735.12,44850.72,36,205,4990.96,3850.45,NA,211.56,35.26,-90,146.31
8,1,8,42735.12,44850.72,42,201,4990.96,3850.45,NA,0,0,0,90
9,1,9,42417.78,45802.74,48,283,5994.477,4669.92,NA,1003.517,167.253,108.435,108.435
10,1,10,42417.78,46648.98,54,217,6840.717,5497.508,NA,846.24,141.04,90,-18.435
11,1,11,42312,47283.66,59,185,7484.151,6104.157,NA,643.435,128.687,99.462,9.462
12,2,1,55005.6,48764.58,0,383,0,0,NA,NA,NA,NA,NA
13,2,2,54688.26,48553.02,6,386,381.395,381.395,NA,381.395,63.566,-146.31,NA
14,2,3,54688.26,48553.02,12,363,381.395,381.395,NA,0,0,0,146.31
15,2,4,54476.7,48553.02,18,339,592.955,569.643,NA,211.56,35.26,180,180
16,2,5,54265.14,48447.24,24,338,829.486,805.596,NA,236.531,39.422,-153.435,26.565
17,2,6,54159.36,48447.24,30,377,935.266,903.785,NA,105.78,17.63,180,-26.565
18,2,7,53947.8,48341.46,36,372,1171.798,1139.285,NA,236.531,39.422,-153.435,26.565
19,2,8,53630.46,48024.12,42,332,1620.584,1561.823,NA,448.787,74.798,-135,18.435
20,2,9,53313.12,47812.56,48,323,2001.98,1941.863,NA,381.395,63.566,-146.31,-11.31
21,2,10,52995.78,47601,54,303,2383.375,2322.347,NA,381.395,63.566,-146.31,0
22,2,11,52572.66,47495.22,59,297,2819.517,2744.171,NA,436.142,87.228,-165.964,-19.654
23,3,1,36917.22,23588.94,0,344,0,0,NA,NA,NA,NA,NA
24,3,2,36917.22,23588.94,6,349,0,0,NA,0,0,0,NA
25,3,3,36917.22,23588.94,12,314,0,0,NA,0,0,0,0
26,3,4,36705.66,24012.06,18,222,473.063,473.063,NA,473.063,78.844,116.565,116.565
27,3,5,36705.66,24012.06,24,229,473.063,473.063,NA,0,0,0,-116.565
28,3,6,36705.66,24012.06,30,206,473.063,473.063,NA,0,0,0,0
29,3,7,36599.88,24012.06,36,219,578.843,528.9,NA,105.78,17.63,180,180
30,3,8,36494.1,24012.06,42,217,684.623,598.382,NA,105.78,17.63,180,0
31,3,9,36494.1,24012.06,48,212,684.623,598.382,NA,0,0,0,-180
32,3,10,36494.1,24012.06,54,208,684.623,598.382,NA,0,0,0,0
33,3,11,36494.1,24117.84,59,196,790.403,677.322,NA,105.78,21.156,90,90
34,4,1,63150.66,23165.82,0,423,0,0,NA,NA,NA,NA,NA
35,4,2,62727.54,22848.48,6,340,528.9,528.9,NA,528.9,88.15,-143.13,NA
36,4,3,62727.54,22848.48,12,357,528.9,528.9,NA,0,0,0,143.13
37,4,4,62515.98,22848.48,18,346,740.46,709.594,NA,211.56,35.26,180,180
38,4,5,62621.76,22848.48,24,346,846.24,616.798,NA,105.78,17.63,0,-180
39,4,6,62515.98,22848.48,30,329,952.02,709.594,NA,105.78,17.63,180,180
40,4,7,62515.98,22848.48,36,308,952.02,709.594,NA,0,0,0,-180
41,4,8,62515.98,22848.48,42,298,952.02,709.594,NA,0,0,0,0
42,4,9,62515.98,22848.48,48,279,952.02,709.594,NA,0,0,0,0
43,4,10,61669.74,22002.24,54,227,2148.784,1883.359,NA,1196.764,199.461,-135,-135
44,4,11,61881.3,21896.46,59,295,2385.315,1795.146,NA,236.531,47.306,-26.565,108.435
45,5,1,91076.58,81767.94,0,225,0,0,NA,NA,NA,NA,NA
46,5,2,91076.58,81450.6,6,187,317.34,317.34,NA,317.34,52.89,-90,NA
47,5,3,91605.48,81767.94,12,181,934.138,528.9,NA,616.798,102.8,30.964,120.964
48,5,4,91182.36,81979.5,18,187,1407.201,236.531,NA,473.063,78.844,153.435,122.471
49,5,5,91605.48,82191.06,24,193,1880.263,677.322,NA,473.063,78.844,26.565,-126.87
50,5,6,90018.78,82825.74,30,179,3589.191,1495.955,NA,1708.928,284.821,158.199,131.634
51,5,7,91182.36,82719.96,36,177,4757.57,957.879,NA,1168.378,194.73,-5.194,-163.393
52,5,8,91076.58,82614.18,42,170,4907.165,846.24,NA,149.596,24.933,-135,-129.806
53,5,9,91711.26,82296.84,48,172,5616.759,826.168,NA,709.594,118.266,-26.565,108.435
54,5,10,91711.26,82508.4,54,180,5828.319,975.243,NA,211.56,35.26,90,116.565
55,5,11,90230.34,83037.3,59,281,7400.852,1525.581,NA,1572.533,314.507,160.346,70.346
56,6,1,100808.34,78171.42,0,221,0,0,NA,NA,NA,NA,NA
57,6,2,100067.88,78171.42,6,234,740.46,740.46,NA,740.46,123.41,180,NA
58,6,3,99221.64,78488.76,12,293,1644.245,1618.123,NA,903.785,150.631,159.444,-20.556
59,6,4,98586.96,78700.32,18,199,2313.256,2283.476,NA,669.011,111.502,161.565,2.121
60,6,5,98481.18,78594.54,24,219,2462.852,2365.313,NA,149.596,24.933,-135,63.435
61,6,6,98375.4,78382.98,30,258,2699.383,2442.121,NA,236.531,39.422,-116.565,18.435
62,6,7,98058.06,78171.42,36,302,3080.778,2750.28,NA,381.395,63.566,-146.31,-29.745
63,6,8,97952.28,78171.42,42,298,3186.558,2856.06,NA,105.78,17.63,180,-33.69
64,6,9,97952.28,78171.42,48,304,3186.558,2856.06,NA,0,0,0,-180
65,6,10,97952.28,78171.42,54,197,3186.558,2856.06,NA,0,0,0,0
66,6,11,97952.28,78171.42,59,187,3186.558,2856.06,NA,0,0,0,0
67,7,1,70872.6,71295.72,0,359,0,0,NA,NA,NA,NA,NA
68,7,2,70872.6,71295.72,6,305,0,0,NA,0,0,0,NA
69,7,3,70872.6,71295.72,12,295,0,0,NA,0,0,0,0
70,7,4,70872.6,71295.72,18,341,0,0,NA,0,0,0,0
71,7,5,70661.04,71401.5,24,362,236.531,236.531,NA,236.531,39.422,153.435,153.435
72,7,6,70872.6,71295.72,30,354,473.063,0,NA,236.531,39.422,-26.565,-180
73,7,7,70661.04,71401.5,36,337,709.594,236.531,NA,236.531,39.422,153.435,180
74,7,8,70766.82,71507.28,42,322,859.189,236.531,NA,149.596,24.933,45,-108.435
75,7,9,70766.82,71507.28,48,318,859.189,236.531,NA,0,0,0,-45
76,7,10,70872.6,71507.28,54,309,964.969,211.56,NA,105.78,17.63,0,0
77,7,11,70766.82,71507.28,59,306,1070.749,236.531,NA,105.78,21.156,180,180
78,8,1,116040.66,97952.28,0,214,0,0,NA,NA,NA,NA,NA
79,8,2,115934.88,97952.28,6,211,105.78,105.78,NA,105.78,17.63,180,NA
80,8,3,115934.88,97952.28,12,190,105.78,105.78,NA,0,0,0,-180
81,8,4,116040.66,98163.84,18,179,342.311,211.56,NA,236.531,39.422,63.435,63.435
82,8,5,115723.32,97952.28,24,183,723.706,317.34,NA,381.395,63.566,-146.31,150.255
83,8,6,115934.88,98163.84,30,177,1022.898,236.531,NA,299.191,49.865,45,-168.69
84,8,7,115723.32,98163.84,36,175,1234.458,381.395,NA,211.56,35.26,180,135
85,8,8,115934.88,98058.06,42,180,1470.989,149.596,NA,236.531,39.422,-26.565,153.435
86,8,9,115723.32,98058.06,48,170,1682.549,334.506,NA,211.56,35.26,180,-153.435
87,8,10,115723.32,98163.84,54,173,1788.329,381.395,NA,105.78,17.63,90,-90
88,8,11,115934.88,98058.06,59,177,2024.86,149.596,NA,236.531,47.306,-26.565,-116.565
89,9,1,94249.98,26127.66,0,377,0,0,NA,NA,NA,NA,NA
90,9,2,94144.2,26127.66,6,364,105.78,105.78,NA,105.78,17.63,180,NA
91,9,3,94038.42,26233.44,12,358,255.376,236.531,NA,149.596,24.933,135,-45
92,9,4,94038.42,26233.44,18,332,255.376,236.531,NA,0,0,0,-135
93,9,5,94038.42,26127.66,24,287,361.156,211.56,NA,105.78,17.63,-90,-90
94,9,6,94038.42,26233.44,30,257,466.936,236.531,NA,105.78,17.63,90,180
95,9,7,94038.42,26127.66,36,232,572.716,211.56,NA,105.78,17.63,-90,-180
96,9,8,94038.42,26021.88,42,215,678.496,236.531,NA,105.78,17.63,-90,0
97,9,9,94038.42,26127.66,48,224,784.276,211.56,NA,105.78,17.63,90,180
98,9,10,94144.2,26021.88,54,212,933.871,149.596,NA,149.596,24.933,-45,-135
99,9,11,94144.2,26233.44,59,213,1145.431,149.596,NA,211.56,42.312,90,135
100,10,1,127464.9,62515.98,0,338,0,0,NA,NA,NA,NA,NA
101,10,2,127253.34,62621.76,6,257,236.531,236.531,NA,236.531,39.422,153.435,NA
102,10,3,126936,62727.54,12,243,571.037,569.643,NA,334.506,55.751,161.565,8.13
103,10,4,126936,62833.32,18,314,676.817,616.798,NA,105.78,17.63,90,-71.565
104,10,5,126407.1,63044.88,24,270,1246.46,1182.656,NA,569.643,94.94,158.199,68.199
105,10,6,126089.76,63044.88,30,185,1563.8,1473.345,NA,317.34,52.89,180,21.801
106,10,7,126089.76,63150.66,36,291,1669.58,1514.539,NA,105.78,17.63,90,-90
107,10,8,125666.64,63362.22,42,273,2142.642,1987.426,NA,473.063,78.844,153.435,63.435
108,10,9,124926.18,63679.56,48,235,2948.239,2792.672,NA,805.596,134.266,156.801,3.366
109,10,10,124503.06,63996.9,54,206,3477.139,3311.438,NA,528.9,88.15,143.13,-13.671
110,10,11,124503.06,63891.12,59,243,3582.919,3265.502,NA,105.78,21.156,-90,126.87
111,11,1,133282.8,66535.62,0,250,0,0,NA,NA,NA,NA,NA
112,11,2,133177.02,66535.62,6,248,105.78,105.78,NA,105.78,17.63,180,NA
113,11,3,133177.02,66535.62,12,245,105.78,105.78,NA,0,0,0,-180
114,11,4,133177.02,66535.62,18,293,105.78,105.78,NA,0,0,0,0
115,11,5,133177.02,66535.62,24,277,105.78,105.78,NA,0,0,0,0
116,11,6,133071.24,66535.62,30,264,211.56,211.56,NA,105.78,17.63,180,180
117,11,7,132859.68,67381.86,36,268,1083.844,946.125,NA,872.284,145.381,104.036,-75.964
118,11,8,132753.9,68016.54,42,187,1727.279,1572.533,NA,643.435,107.239,99.462,-4.574
119,11,9,132859.68,68016.54,48,190,1833.059,1540.18,NA,105.78,17.63,0,-99.462
120,11,10,132753.9,68016.54,54,215,1938.839,1572.533,NA,105.78,17.63,180,180
121,11,11,132859.68,68016.54,59,258,2044.619,1540.18,NA,105.78,21.156,0,-180
122,12,1,133282.8,71401.5,0,233,0,0,NA,NA,NA,NA,NA
123,12,2,133388.58,71507.28,6,183,149.596,149.596,NA,149.596,24.933,45,NA
124,12,3,133282.8,71507.28,12,185,255.376,105.78,NA,105.78,17.63,180,135
125,12,4,133282.8,71401.5,18,178,361.156,0,NA,105.78,17.63,-90,90
126,12,5,133071.24,71401.5,24,177,572.716,211.56,NA,211.56,35.26,180,-90
127,12,6,132753.9,71401.5,30,219,890.056,528.9,NA,317.34,52.89,180,0
128,12,7,132753.9,71401.5,36,210,890.056,528.9,NA,0,0,0,-180
129,12,8,132753.9,71401.5,42,199,890.056,528.9,NA,0,0,0,0
130,12,9,132753.9,71295.72,48,204,995.836,539.374,NA,105.78,17.63,-90,-90
131,12,10,132753.9,71295.72,54,185,995.836,539.374,NA,0,0,0,90
132,12,11,132753.9,71507.28,59,181,1207.396,539.374,NA,211.56,42.312,90,90
133,13,1,11953.14,49187.7,6,352,0,0,NA,NA,NA,NA,NA
134,13,2,11953.14,49081.92,12,308,105.78,105.78,NA,105.78,17.63,-90,NA
135,13,3,11953.14,48976.14,18,230,211.56,211.56,NA,105.78,17.63,-90,0
136,13,4,11953.14,49081.92,24,347,317.34,105.78,NA,105.78,17.63,90,180
137,13,5,11953.14,48870.36,30,352,528.9,317.34,NA,211.56,35.26,-90,-180
138,13,6,11953.14,49081.92,36,333,740.46,105.78,NA,211.56,35.26,90,180
139,13,7,11953.14,48870.36,42,307,952.02,317.34,NA,211.56,35.26,-90,-180
140,13,8,11635.8,48024.12,48,346,1855.805,1206.078,NA,903.785,150.631,-110.556,-20.556
141,13,9,11635.8,47918.34,54,319,1961.585,1308.426,NA,105.78,17.63,-90,20.556
142,13,10,11741.58,48024.12,59,289,2111.18,1182.656,NA,149.596,29.919,45,135
143,14,1,118473.6,11106.9,0,281,0,0,NA,NA,NA,NA,NA
144,14,2,118473.6,11212.68,6,262,105.78,105.78,NA,105.78,17.63,90,NA
145,14,3,118156.26,11424.24,12,276,487.175,448.787,NA,381.395,63.566,146.31,56.31
146,14,4,118156.26,11318.46,18,231,592.955,381.395,NA,105.78,17.63,-90,123.69
147,14,5,118156.26,11530.02,24,221,804.515,528.9,NA,211.56,35.26,90,180
148,14,6,118156.26,11530.02,30,197,804.515,528.9,NA,0,0,0,-90
149,14,7,118156.26,11424.24,36,196,910.295,448.787,NA,105.78,17.63,-90,-90
150,14,8,118262.04,11530.02,42,182,1059.891,473.063,NA,149.596,24.933,45,135
151,14,9,118156.26,11318.46,48,179,1296.422,381.395,NA,236.531,39.422,-116.565,-161.565
152,14,10,118262.04,11318.46,54,172,1402.202,299.191,NA,105.78,17.63,0,116.565
153,14,11,118156.26,11530.02,59,173,1638.733,528.9,NA,236.531,47.306,116.565,116.565
154,15,1,99750.54,10683.78,0,303,0,0,NA,NA,NA,NA,NA
155,15,2,99750.54,10683.78,6,236,0,0,NA,0,0,0,NA
156,15,3,99856.32,10683.78,12,206,105.78,105.78,NA,105.78,17.63,0,0
157,15,4,99750.54,10683.78,18,219,211.56,0,NA,105.78,17.63,180,180
158,15,5,99750.54,10683.78,24,191,211.56,0,NA,0,0,0,-180
159,15,6,99750.54,10683.78,30,184,211.56,0,NA,0,0,0,0
160,15,7,99856.32,10895.34,36,183,448.091,236.531,NA,236.531,39.422,63.435,63.435
161,15,8,99962.1,10683.78,42,184,684.623,211.56,NA,236.531,39.422,-63.435,-126.87
162,15,9,99962.1,10789.56,48,188,790.403,236.531,NA,105.78,17.63,90,153.435
163,15,10,99962.1,10789.56,54,171,790.403,236.531,NA,0,0,0,-90
164,15,11,99750.54,10895.34,59,180,1026.934,211.56,NA,236.531,47.306,153.435,153.435
165,16,1,80287.02,9202.86,0,352,0,0,NA,NA,NA,NA,NA
166,16,2,80181.24,9202.86,6,383,105.78,105.78,NA,105.78,17.63,180,NA
167,16,3,80287.02,9202.86,12,345,211.56,0,NA,105.78,17.63,0,-180
168,16,4,80287.02,9097.08,18,336,317.34,105.78,NA,105.78,17.63,-90,-90
169,16,5,80181.24,8991.3,24,321,466.936,236.531,NA,149.596,24.933,-135,-45
170,16,6,80181.24,9097.08,30,289,572.716,149.596,NA,105.78,17.63,90,-135
171,16,7,80181.24,9097.08,36,293,572.716,149.596,NA,0,0,0,-90
172,16,8,80181.24,8991.3,42,268,678.496,236.531,NA,105.78,17.63,-90,-90
173,16,9,80181.24,9097.08,48,240,784.276,149.596,NA,105.78,17.63,90,180
174,16,10,80181.24,9097.08,54,231,784.276,149.596,NA,0,0,0,-90
175,16,11,80181.24,8991.3,59,219,890.056,236.531,NA,105.78,21.156,-90,-90
176,17,1,92240.16,19992.42,0,323,0,0,NA,NA,NA,NA,NA
177,17,2,92240.16,19992.42,6,266,0,0,NA,0,0,0,NA
178,17,3,92240.16,19992.42,12,219,0,0,NA,0,0,0,0
179,17,4,92345.94,20098.2,18,196,149.596,149.596,NA,149.596,24.933,45,45
180,17,5,92240.16,19992.42,24,201,299.191,0,NA,149.596,24.933,-135,-180
181,17,6,92451.72,19992.42,30,196,510.751,211.56,NA,211.56,35.26,0,135
182,17,7,92240.16,20203.98,36,203,809.942,211.56,NA,299.191,49.865,135,135
183,17,8,92240.16,19992.42,42,187,1021.502,0,NA,211.56,35.26,-90,135
184,17,9,92451.72,19992.42,48,192,1233.062,211.56,NA,211.56,35.26,0,90
185,17,10,92240.16,20098.2,54,207,1469.593,105.78,NA,236.531,39.422,153.435,153.435
186,17,11,92240.16,20098.2,59,187,1469.593,105.78,NA,0,0,0,-153.435
187,18,1,122070.12,82508.4,0,302,0,0,NA,NA,NA,NA,NA
188,18,2,121435.44,83354.64,6,238,1057.8,1057.8,NA,1057.8,176.3,126.87,NA
189,18,3,121435.44,82825.74,12,288,1586.7,709.594,NA,528.9,88.15,-90,143.13
190,18,4,120800.76,83037.3,18,242,2255.711,1375.14,NA,669.011,111.502,161.565,-108.435
191,18,5,120694.98,82931.52,24,306,2405.307,1438.764,NA,149.596,24.933,-135,63.435
192,18,6,120271.86,82931.52,30,288,2828.427,1847.368,NA,423.12,70.52,180,-45
193,18,7,120166.08,83143.08,36,261,3064.958,2007.034,NA,236.531,39.422,116.565,-63.435
194,18,8,119848.74,83248.86,42,259,3399.464,2341.54,NA,334.506,55.751,161.565,45
195,18,9,119742.96,83354.64,48,272,3549.059,2476.246,NA,149.596,24.933,135,-26.565
196,18,10,119742.96,83248.86,54,261,3654.839,2442.121,NA,105.78,17.63,-90,135
197,18,11,119742.96,83354.64,59,264,3760.619,2476.246,NA,105.78,21.156,90,180
198,19,1,123656.82,89913,0,333,0,0,NA,NA,NA,NA,NA
199,19,2,123551.04,89913,6,279,105.78,105.78,NA,105.78,17.63,180,NA
200,19,3,123551.04,90018.78,12,209,211.56,149.596,NA,105.78,17.63,90,-90
201,19,4,123551.04,89807.22,18,188,423.12,149.596,NA,211.56,35.26,-90,-180
202,19,5,123656.82,89807.22,24,184,528.9,105.78,NA,105.78,17.63,0,90
203,19,6,122916.36,90336.12,30,276,1438.854,852.826,NA,909.954,151.659,144.462,144.462
204,19,7,122810.58,90441.9,36,244,1588.449,997.927,NA,149.596,24.933,135,-9.462
205,19,8,122810.58,90441.9,42,235,1588.449,997.927,NA,0,0,0,-135
206,19,9,122810.58,90441.9,48,233,1588.449,997.927,NA,0,0,0,0
207,19,10,122810.58,90441.9,54,226,1588.449,997.927,NA,0,0,0,0
208,19,11,122704.8,90441.9,59,235,1694.229,1089.072,NA,105.78,21.156,180,180
209,20,1,115088.64,86739.6,0,316,0,0,NA,NA,NA,NA,NA
210,20,2,115088.64,86633.82,6,265,105.78,105.78,NA,105.78,17.63,-90,NA
211,20,3,115088.64,86739.6,12,225,211.56,0,NA,105.78,17.63,90,180
212,20,4,115088.64,86633.82,18,215,317.34,105.78,NA,105.78,17.63,-90,-180
213,20,5,115088.64,86633.82,24,190,317.34,105.78,NA,0,0,0,90
214,20,6,115088.64,86845.38,30,179,528.9,105.78,NA,211.56,35.26,90,90
215,20,7,115300.2,86739.6,36,183,765.431,211.56,NA,236.531,39.422,-26.565,-116.565
216,20,8,115300.2,86633.82,42,195,871.211,236.531,NA,105.78,17.63,-90,-63.435
217,20,9,115194.42,86739.6,48,190,1020.807,105.78,NA,149.596,24.933,135,-135
218,20,10,115300.2,86633.82,54,194,1170.402,236.531,NA,149.596,24.933,-45,-180
219,20,11,115300.2,86633.82,59,181,1170.402,236.531,NA,0,0,0,45
